w_r_x
[[ 0.05315982  0.13880379  0.22628925 ...  0.12907041 -0.16021929
   0.02775137]
 [-0.24057808 -0.14668159 -0.06252851 ...  0.0649691   0.07526472
  -0.04696883]
 [ 0.05580548  0.29327692  0.21994882 ... -0.00233664  0.08044258
   0.02567315]
 ...
 [-0.0678298  -0.00293069  0.01114961 ... -0.15336319  0.01095381
  -0.06544525]
 [-0.07478161 -0.1905885   0.16252315 ... -0.0778616  -0.07959293
  -0.01558078]
 [ 0.05274161  0.01115973  0.04412967 ...  0.00988307  0.03924833
  -0.09107758]]
w_r_h
[[ 0.0170028   0.1902217  -0.16482888  0.07310599 -0.15109899  0.11584268
  -0.05591896 -0.01023978 -0.10133161 -0.07827897  0.00626391 -0.19512474
   0.26099013 -0.02546856  0.0048635  -0.05812013 -0.03039012  0.11891946
  -0.10773854  0.29858422]
 [ 0.34310956  0.21238049 -0.0843242   0.00819388 -0.05996382 -0.25470221
   0.07707913  0.01821173  0.00540301 -0.03242757 -0.01839826 -0.00616722
  -0.0069354   0.09272513  0.09808856 -0.13841894 -0.13065497  0.34721957
  -0.20400619 -0.0475845 ]
 [-0.10162387 -0.09131782  0.04541844  0.03054223  0.2097606   0.2279978
  -0.11816701  0.26846053 -0.11002865  0.30636171 -0.07691041 -0.09136539
   0.11938361  0.28163995  0.03212353 -0.02908962 -0.21873306  0.25565984
  -0.05126952 -0.16558332]
 [ 0.21301864 -0.1005547  -0.25399062  0.04131858 -0.06611583 -0.12059568
   0.22222667 -0.09164847  0.03517335 -0.04727024 -0.14582631 -0.1281266
  -0.08842987 -0.0509972  -0.06344204 -0.0464984  -0.27113383  0.06523182
  -0.14523864 -0.16770854]
 [-0.2511335   0.25549165  0.12954373 -0.24136325  0.09925294  0.20477211
  -0.16906444  0.34071495  0.0980091   0.14760475  0.09844367  0.25154357
  -0.05879047  0.13324602 -0.06612775  0.16508309  0.05435907 -0.23967177
  -0.01767906 -0.3487405 ]
 [ 0.26647991  0.08327996 -0.04952722 -0.18569679  0.02833915  0.11455384
  -0.02939178  0.08283597  0.09781162  0.06011415 -0.07237706 -0.36122743
   0.06749991  0.08468796  0.06010668 -0.11280288 -0.37167167  0.0618511
  -0.09020345 -0.1822032 ]
 [ 0.05536081  0.04788124  0.03641467  0.01537771  0.02063934  0.02071777
   0.09734658  0.03843408 -0.11895125  0.08679289 -0.10955209 -0.14822841
   0.04224792 -0.08573137  0.06423435 -0.28698584 -0.06879559  0.16838224
   0.02155156  0.02226871]
 [ 0.0732496  -0.08158899  0.17337861 -0.30654086 -0.05579325 -0.04484513
  -0.1607686  -0.18306901  0.11910032 -0.17451888 -0.00770307 -0.21205877
   0.06260959 -0.14463959 -0.02971008 -0.14784824 -0.05931204  0.02401154
   0.04430057 -0.23456244]
 [ 0.02168107 -0.00492471 -0.1541452  -0.40201505 -0.26445429 -0.25197445
   0.50578697 -0.0758678   0.00336351 -0.31068704 -0.00902396 -0.17992373
   0.30247164 -0.48127445 -0.39883388 -0.41515634 -0.38800158 -0.4478332
  -0.20201341 -0.64646284]
 [ 0.18908731 -0.1466321  -0.03712115  0.5077914   0.06734193 -0.52488676
   0.54847263 -0.14666283 -0.20904433  0.13687538  0.21535962 -0.05134506
  -0.12363244 -0.24094704  0.02115306 -0.30348027  0.02902018 -0.20186888
  -0.00413085  0.01446252]
 [-0.14930756 -0.0891772  -0.318449    0.02353778 -0.59850949 -0.05345124
  -0.34534739 -0.20542264 -0.1895869  -0.11278571  0.54704792 -0.05708892
   0.51118578 -0.40355201  0.36738359 -0.25293076 -0.15525742  0.24468592
  -0.25175242 -0.15764664]
 [-0.06306951 -0.01403935 -0.01360599  0.03200001 -0.02653018  0.07195038
  -0.21023963  0.05653983  0.08249958 -0.07241314 -0.0590946   0.09506969
  -0.000881    0.15439433  0.07478034  0.18892834  0.03307829  0.0789897
  -0.08200406  0.04007012]
 [ 0.0341485  -0.12233471  0.13285051  0.05934642 -0.02930765 -0.22662095
  -0.00196171  0.03016161 -0.14183394  0.18310175 -0.02957291  0.24815523
  -0.25687029  0.15766806  0.17488002 -0.26000241  0.11306911  0.12589828
   0.08138053 -0.19221058]
 [ 0.2089911   0.04726888 -0.23742433  0.22592773  0.0801273  -0.13829004
  -0.3384425  -0.27402064 -0.06613378 -0.10357561 -0.0206428   0.07367132
  -0.15941862  0.05622597  0.11283866  0.30286448  0.51611278 -0.06527037
   0.17893078  0.18545619]
 [-0.02374839  0.00451248 -0.02844854 -0.13788477 -0.1961094  -0.02448982
  -0.15760439 -0.09965258  0.09404935 -0.11028119  0.10038199 -0.01809854
  -0.06897682 -0.06270676 -0.12870951 -0.06953683 -0.22265594 -0.08774944
  -0.10817309 -0.46264354]
 [-0.13460301 -0.30524598 -0.05477085  0.00256995 -0.09929173  0.07606993
  -0.04979141 -0.14671411 -0.03838974 -0.05953107  0.05364991 -0.19168361
   0.00407393 -0.24477627 -0.1917062  -0.2675253   0.06761172 -0.46251397
   0.12892371 -0.24202231]
 [-0.08908473 -0.11695207  0.19059968 -0.01909538 -0.05608411 -0.17316828
   0.00452202 -0.16255177 -0.08498617  0.02782599  0.04587302  0.02654362
  -0.1839286   0.01159452  0.04974323 -0.23745412 -0.01068544 -0.01321417
   0.06665755 -0.16639957]
 [-0.0603253  -0.20286614  0.25409401  0.00647772  0.00095989 -0.03971249
  -0.14528385  0.06257895  0.0308304   0.09803676 -0.13253307  0.15173809
  -0.03312015  0.12306209  0.08525638 -0.14377581  0.29407347 -0.08129702
   0.05455998 -0.13651343]
 [ 0.01815603  0.11712455 -0.01740494  0.10243795 -0.25099322 -0.21195216
   0.36241881 -0.22733494  0.01627251 -0.09799066 -0.0227469  -0.19983566
  -0.03842132 -0.20257092 -0.07946068 -0.32440569 -0.29061694  0.05484796
  -0.21241144 -0.12247454]
 [-0.02788777 -0.00679755  0.01307234  0.07579448  0.1133069   0.10429994
  -0.11231812  0.012827    0.02408176  0.04837252  0.00736702  0.01302937
   0.08694224  0.13209134  0.05612333  0.19421413  0.11024639  0.01899914
   0.11218507  0.12196285]]
b_r
[ 0.15160152  0.06341113  0.15953726 -0.01311067  0.17535382 -0.06728752
  0.05627591 -0.120313   -0.11106207 -0.01632786  0.20035814  0.08513717
  0.07373214 -0.06855693  0.02610435  0.03014454 -0.21317646 -0.13579559
 -0.11480214  0.06375192]
w_o_h
[[ 2.22031159e+00 -5.68575713e+00  2.71158594e+00  5.14234154e+00
   3.53679883e+00 -5.88381794e-01  2.83309282e+00  1.93129843e+00
  -2.72014723e+00  3.43884206e+00 -3.62914311e-01  1.81920617e+00
   1.36675315e+00  3.40802848e+00 -6.24428848e-01  2.57617101e-01
  -3.40675604e+00 -1.92178560e-01 -1.08533724e+00 -4.89939527e-01]
 [ 3.94604113e+00 -8.08064921e-01  3.10386165e+00 -2.09244795e+00
  -1.86019576e+00 -3.78493145e+00  8.17192525e-01 -1.33012147e+00
   1.59638685e+00  1.81247297e+00 -2.82203311e+00  6.45217515e+00
   4.49899660e+00 -5.00948728e+00 -1.84279356e+00  4.41762999e+00
  -9.91120961e-01  2.46069995e-01 -3.78996205e+00  4.98462014e-01]
 [-8.87295526e-01  6.06842874e-01  1.37307210e+00  1.22196662e+00
  -1.84480487e+00 -2.92110228e-01  5.96186578e-01  1.20466925e+00
   1.47020853e+00 -1.11116634e+00  1.54751054e-02 -1.26372988e+00
   1.37888218e+00  1.52171108e+00  8.17522776e-01 -4.84365324e-01
   8.00023198e-01 -5.04719771e-01  3.71797951e-01 -6.41534972e-01]
 [-1.36268979e+00 -8.02557972e-01 -1.69234718e+00 -1.03584700e+00
  -4.28411431e-01 -8.79116486e-01  5.48744989e-01  1.92851400e+00
   1.56614522e+00 -4.43167122e-01  2.10307127e-01 -2.64628799e-01
  -4.55115143e-02  1.21177501e+00 -1.96894485e-01 -1.50387321e+00
   9.16906291e-01 -5.09252455e-01 -1.53415642e+00  9.26361495e-01]
 [-1.60732628e+00  4.07901510e-01 -2.03800116e+00  1.01989455e+00
   1.93116088e+00 -1.84972914e+00 -1.73947325e+00 -2.52539933e+00
   2.43927845e+00  2.06384064e+00 -1.08564782e+00  5.76396533e-01
   1.31980676e-01 -1.63810419e+00  2.28616852e+00  9.51414587e-01
  -7.82608141e-01 -6.00358130e-01  1.74543437e+00  1.02515531e+00]
 [-6.85452744e-02 -3.15363844e+00 -1.58895231e-01 -1.69315940e+00
   2.28097308e+00  2.49365089e+00  3.52694555e+00 -5.89024976e-01
  -2.09593073e+00 -7.12063675e-01  1.57765875e+00 -6.19611607e-01
  -5.64356518e-01  7.94455240e-01  3.41413838e+00 -1.40703106e+00
  -2.09440411e-01 -1.23012494e-01  3.16448644e+00  1.38054694e-01]
 [-6.61183695e-01  2.57047013e+00  1.48743256e+00  8.06797053e-01
   1.76470236e+00  2.23865586e+00 -2.76128726e+00 -3.37803747e+00
  -2.61635356e+00  4.85128074e-01  1.94701801e+00  2.65399812e+00
  -2.33933329e+00 -5.17785915e-01 -3.28100585e+00 -2.01974679e+00
  -2.99857603e-02 -1.72056400e-01  2.55129386e+00  3.56320040e-01]
 [-5.38761423e-01 -1.80551569e+00 -3.25405187e+00 -2.73553107e-01
  -1.48545900e+00  1.32838071e+00 -1.88744073e+00  1.15671242e+00
  -1.62615620e+00  7.52924087e-02  5.49381983e-01  2.33352028e+00
   1.36049165e+00 -1.05085925e+00  2.25704730e+00 -1.89539830e+00
   3.43061789e-01  4.51317507e-01 -1.14591984e+00 -2.98556353e-01]
 [ 2.10223824e+00  7.95983052e-01  1.25933849e+00  5.01586164e-01
   3.16706490e+00 -1.06277046e+00 -1.05332533e+00 -4.19522037e+00
   9.61746172e-01 -1.28627301e+00  1.39026406e+00 -2.64579485e+00
  -2.53640979e+00  2.72431679e+00 -1.14698990e+00  1.00692555e+00
  -2.75454284e+00 -2.24093660e+00 -8.15589926e-01  6.70149184e-01]
 [ 1.74845614e+00 -1.55439051e+00  7.56576727e-01  2.32655331e-01
  -4.18685675e+00  1.37819871e+00 -1.26266971e+00 -1.08236473e-01
  -9.60225045e-01  1.30460055e+00  1.04549725e-01  1.81188584e+00
  -1.71290263e+00  2.85621084e+00 -3.91814985e-01 -9.06945841e-01
  -1.83850462e+00 -2.10436404e+00 -1.53222784e+00  2.97213158e+00]
 [-2.76449359e-01  6.30792435e-01  1.30819856e+00 -9.27017045e-01
  -1.45710102e+00 -1.33993648e+00 -2.22925651e+00  2.79469287e+00
  -2.36137696e+00 -1.73148516e-01  1.20887096e+00 -1.88738045e+00
  -2.17883880e+00 -7.87565030e-01 -4.78047682e-01  1.22105962e+00
  -7.10066814e-01 -9.31415813e-02  6.98632536e-01  5.46679259e-01]
 [-1.89103724e+00  2.98910968e+00  9.40014134e-01 -2.45724038e-01
   3.09930589e-01 -1.35983982e+00 -9.55543281e-01 -2.81805372e+00
  -2.14749310e+00  7.36488361e-01 -1.44231835e+00 -3.39195910e+00
   6.10924481e+00 -2.79766970e+00  2.05873025e+00 -4.25013775e+00
  -7.70235983e-01 -2.36658680e+00 -1.08466292e+00  3.85397566e+00]
 [-1.33930394e-01 -1.06881673e+00 -1.28780682e+00 -4.63860605e-01
  -2.32412512e+00  1.09949828e+00 -1.35730162e+00  2.49027424e+00
   5.24600953e-01  9.49230202e-01 -1.58695010e+00 -1.68344433e+00
   2.67324209e-01 -8.68915413e-01 -6.59770838e-01 -1.45385204e+00
  -8.23131084e-02  3.39020943e-01  1.29015985e+00  4.11626912e-01]
 [ 5.02604567e-01  2.39074782e+00 -1.16767402e+00  2.00105435e-01
  -1.90156437e+00 -9.81735514e-01  2.45261164e+00  9.80726348e-01
  -8.85635002e-01 -1.83317418e+00  4.50302464e-01  3.68452177e-01
  -4.19695588e-01 -7.52022184e-01  1.21688970e+00 -5.66869754e-02
  -6.05525341e-01 -9.88865218e-01 -1.80833572e+00 -7.22651198e-01]
 [ 8.75887789e-01  7.01299726e-01  1.16307850e+00 -1.99254713e+00
   1.55506648e+00 -2.11489992e+00  4.90950513e-01 -5.30654000e-01
  -3.15459488e-01  5.04630615e-01  2.33215626e-01  1.52454772e+00
   1.82470759e+00  2.70528965e+00  3.98686864e-01  3.31377919e+00
  -2.81450771e-01 -1.38937434e+00  2.67222684e+00 -3.62934381e-01]
 [-1.74785454e+00  3.49935861e-02 -1.43447791e+00  1.50356458e+00
  -1.91343916e+00  1.31007695e+00  9.39381116e-01 -2.00042614e-01
   1.51059929e+00  7.23948033e-02 -1.25388701e-01  1.20494871e-01
  -6.97541684e-01  8.08710854e-01 -1.24299414e+00  8.22919205e-03
  -8.53563553e-01  4.92425025e-01  1.19649195e+00 -1.72843486e-01]
 [-9.33504788e-01  1.46371196e+00  4.29388985e-01 -2.13168714e+00
  -2.06835795e+00  1.40399058e+00 -8.37235720e-01 -2.05683859e+00
   9.24797226e-01  2.06227137e-01 -1.30657826e+00 -5.02365632e-01
  -3.82154911e-01  1.39746651e+00 -1.22650893e+00  1.08572202e+00
  -7.57450515e-02  8.07436536e-01  1.59597082e+00  1.33633925e-01]
 [ 2.57205370e+00 -2.94405881e-01  1.50037500e+00  7.99841682e-01
   9.60590614e-01  2.41965014e+00 -1.92753279e+00  3.61510237e-01
   9.50455559e-01 -2.05566913e+00 -1.26006665e+00  1.52280826e+00
  -1.37903801e+00 -1.33383084e+00  3.02738541e+00 -6.38276038e-01
  -5.20031301e-01 -1.31284887e+00  1.52251381e-01  6.99906090e-01]
 [ 1.72948357e+00 -4.40477606e-01  2.19861618e+00 -2.16539825e+00
   2.58014635e+00 -1.52505783e+00  1.78647615e+00 -6.86903074e-01
  -2.21075179e+00  3.11800141e+00  2.14498107e+00  2.59064207e-01
   1.66184057e+00 -3.05853255e+00  1.09085450e-01 -1.00932787e+00
  -1.62199371e+00 -2.09831865e+00 -1.33274971e+00  1.96927943e+00]
 [-4.38867053e-01 -8.85642750e-03 -1.98991840e-03 -6.45674806e-02
  -5.34685124e-02 -1.17671955e-02  4.67358306e-02  1.45524763e-01
   1.65274240e-01  3.71818596e-01  8.68232867e-02 -1.20650206e-01
   1.60579166e-01 -2.35371085e-01 -3.65741479e-02  2.95295737e-02
   3.11343422e-01  6.63292822e-01  8.70549918e-02 -2.66744732e-01]
 [-1.13329795e-01 -1.69997833e+00  3.66259239e-01 -1.02079673e-01
   1.68908047e+00 -9.33053644e-02  3.12819354e-01  1.64020520e+00
   1.70939671e+00 -1.60133923e+00 -2.45481566e-01 -1.50242867e+00
   6.25608112e-01  7.01108421e-01 -2.00457020e-01  1.08437402e+00
   1.03888013e+00  1.26194798e+00  2.69352661e-01 -4.31182403e-01]
 [ 7.33268692e-01 -5.96376955e-01  4.07380895e-01  8.15183159e-01
  -1.62216389e+00 -1.96749212e-01  1.07450661e+00  8.89994059e-01
   8.85390316e-01 -1.85597306e+00 -2.04010381e-01 -2.91775338e-01
  -1.33912832e+00 -1.20091859e+00  2.75795928e-01  1.44165690e+00
   5.79544730e-01  1.46353816e+00  1.09630601e+00 -5.27762237e-01]
 [-7.89356806e-01 -6.54518186e-01 -3.66535691e-01 -1.45344703e-01
  -1.30291241e-01 -5.40760277e-01  1.76639387e-01 -4.29990701e-01
  -8.38913139e-01  1.09138658e-01  7.44791128e-02 -7.72665709e-01
   5.21877032e-01  5.52913620e-01 -6.81150101e-01  7.87312362e-01
   1.48986798e+00  6.84559693e-01 -1.38760244e-01 -1.12030097e+00]
 [ 1.51427538e+00  3.75016303e-01 -1.53733137e+00  5.14430712e-01
  -1.21888911e+00 -5.04033139e-01 -6.72369353e-01  1.25717171e+00
   2.41647390e+00  2.65873483e+00  1.49928270e+00 -3.77432485e-01
  -1.07686814e+00 -3.43471562e-01 -4.20123063e-01 -8.19103439e-01
  -5.68999399e-01 -1.71361562e+00 -2.81424266e-02  7.68523395e-01]
 [ 2.11643232e+00  1.62661196e+00  1.38543685e+00  1.86013108e+00
  -1.69035136e+00  2.95819954e+00  5.69982704e-01 -7.57677817e-01
   1.50451305e+00  2.03753563e+00 -1.75200862e-01 -1.77354499e-01
  -2.62836243e-01 -1.96201012e+00  1.77917261e+00  8.07254359e-01
   6.90186073e-01 -1.27548325e+00  1.19588756e+00  2.13640709e-02]
 [ 3.21202350e-01  1.67780808e+00  3.01018647e-01  1.16676321e+00
  -8.00336358e-01  6.20309026e-01 -5.29248234e-01 -2.69742363e-01
  -3.89282999e-01 -1.22065506e+00  8.20746521e-01 -1.14647482e+00
   4.02451047e-03  1.05802349e+00 -6.47857559e-01  4.01238322e-01
   2.95406941e-01  1.51314232e+00 -1.19002544e+00 -1.28499401e+00]
 [ 1.12589927e+00 -1.14708593e+00 -3.33820725e-01 -2.33457491e+00
   9.94317198e-01 -2.16777528e+00  8.63061355e-01  7.25792832e-01
  -1.32063700e+00 -9.50445057e-01  8.58921829e-01  1.89690571e+00
  -5.26988790e-01  1.07746393e+00 -1.46195425e+00 -9.14904606e-01
   2.64531434e-01  5.75962365e-01 -1.35050475e-01  1.64156569e+00]
 [-3.72710039e-01 -4.08575740e-01 -4.01500795e-01 -7.83159553e-01
   1.60449937e+00  2.90038362e-02  8.96135882e-01  1.10731065e-01
  -7.54076725e-01 -7.19188817e-01 -8.89383165e-01  1.62256813e-01
  -3.99900538e-01  1.41613414e+00 -6.17987515e-01 -1.28110186e+00
   1.91742930e+00  9.76612733e-01  8.55617796e-02 -8.74332186e-01]
 [ 8.71985746e-02  1.20350896e+00 -7.14036167e-01  1.21487266e+00
   1.21965727e+00  8.23034377e-02  8.77793374e-01  6.18453117e-01
   8.51905471e-01 -1.88009667e+00  9.62730223e-01 -4.72836739e-01
  -1.24010158e+00 -1.68879156e+00 -2.22303026e+00 -1.37050410e+00
  -3.75681435e-01  7.41622909e-01  8.65075251e-01 -2.96374358e-01]
 [-1.03082567e+00  5.82805905e-01  4.19913323e-01  4.99516350e-01
   4.92795420e-01 -8.71826635e-02  7.82919696e-01  7.01931135e-01
   1.35170995e-01 -1.24864654e+00 -7.59513186e-02  8.80973033e-02
  -2.98007087e-01 -6.07460708e-01 -5.64476948e-01 -6.80013173e-01
   5.84067962e-01  1.07877409e+00 -5.97355211e-01 -9.09149698e-01]
 [-9.10559872e-01 -2.23900972e-01 -4.66694299e-01 -3.18261712e-01
   2.10343057e-01  6.92946707e-01  3.31955121e-01  2.67861242e-01
  -1.03912337e+00  3.55014427e-01 -1.27588366e+00 -8.68215034e-01
  -9.16864710e-01  7.47205825e-01 -8.36232436e-01  7.73129185e-01
   7.16473138e-01 -1.76181152e-01 -1.24254060e+00  2.29973050e-02]
 [ 6.43961377e-01  2.91651478e+00 -1.08541035e+00 -1.95804662e+00
  -4.26771571e-01  2.23525786e-01 -2.36177356e+00  4.24102241e-01
   2.61832295e+00 -7.63024552e-01 -9.63505975e-01 -1.67377597e+00
   1.60960175e+00 -1.67856961e-01 -7.21776222e-01 -1.91474615e-01
   3.83656420e-01 -8.04246402e-01  2.32654790e-02  6.15252778e-02]
 [-1.16039184e+00 -4.44342385e-01  6.84558333e-02  7.98211711e-01
   4.60928240e-01  1.58989328e-01  1.62787892e-01  9.40221273e-01
   8.92596185e-01  9.80341214e-01 -1.20001094e-02 -3.31615962e-01
  -8.38013468e-01 -1.14891725e+00  8.52110688e-02  5.85685046e-01
   1.12803484e+00  1.33176357e+00  6.36853504e-01 -1.30788615e+00]
 [-1.22963702e+00  4.35759783e-01 -6.73279062e-01 -1.13487556e-01
   2.00110968e-01 -7.42768066e-01 -3.99552217e-02  1.61919365e-02
   9.36556807e-01 -8.93067889e-01  6.99269070e-01 -6.76882228e-01
  -3.27386797e-01  2.19052272e-01  7.75412371e-01 -4.59707269e-01
   9.09306020e-01  1.37116538e+00 -4.65897729e-01 -1.13724536e+00]
 [-1.53858891e+00 -6.51538367e-02  4.84411322e-01 -7.88476719e-01
   5.69242110e-01 -3.96050920e-01 -2.75190533e-01 -5.11851582e-01
  -3.19864057e-01 -4.81660186e-01  7.72950346e-01  8.76175277e-01
  -1.06982624e+00 -9.68702996e-01  1.25764527e+00  1.16985402e+00
  -9.51015867e-01  1.09402779e+00 -6.08866392e-01 -1.02634818e+00]
 [-3.78155154e-01 -4.81606274e-02 -2.69422679e-01 -5.38945829e-02
  -1.81357094e-01  5.18563852e-02 -6.62520475e-02  2.82086079e-02
   1.34981870e-01 -3.35686044e-01 -4.59898782e-04 -1.04180166e-01
  -7.51196278e-02  5.17170073e-02  1.57938904e-01  1.28170095e-01
   3.42333702e-01  5.85207670e-01 -3.50551887e-02 -3.16684867e-01]
 [-7.24570766e-01  2.79647812e-01 -5.39308644e-01  6.39031160e-01
   6.41507264e-02  2.34030978e-01 -6.10819509e-01 -8.28808450e-01
   2.31741872e-01 -9.27399094e-01 -5.23202224e-01  2.12230703e-01
  -3.05784412e-01  6.77832433e-01 -1.42567611e-01 -1.38393166e-01
   6.56745002e-01  6.53657772e-01 -5.78189050e-02 -9.96167871e-01]
 [-1.50160373e+00  5.34932475e-01 -1.11705733e+00  1.53800401e-01
   2.41284707e-01  1.60045095e+00 -6.95307192e-02  8.20968190e-01
  -1.11791014e+00  6.29475862e-02 -8.34827116e-01 -9.50105629e-01
  -7.51358433e-01  7.73731546e-01  5.93706773e-02  9.17244423e-01
   1.09536419e+00 -9.90780477e-02 -1.04745865e+00 -6.57067197e-01]
 [-9.88180971e-01 -8.56967026e-01 -1.20355891e+00 -4.94571951e-02
  -5.04136744e-01 -3.91419279e-01 -2.99541401e-01 -4.43035575e-01
  -4.46315795e-01  2.37707696e-01  2.02171419e-01 -8.42757318e-01
   4.86360085e-02  6.00980322e-01 -7.96266991e-01  8.58801852e-01
   1.40115342e+00  9.47773518e-01 -8.14070426e-02 -1.09012351e+00]
 [-1.45118959e-01 -5.23035955e-01 -5.18841877e-01  3.77409714e-02
   3.74507044e-01 -5.15024036e-02  4.57029106e-01  5.40964952e-02
  -5.30196800e-01 -5.25920144e-01 -3.07604837e-01 -2.96486849e-01
  -4.73616742e-02  6.61919727e-01  4.62621440e-01  2.35523434e-03
   3.74919808e-01  6.58851841e-01  7.56801330e-02 -4.26567344e-01]
 [-2.31961234e-01  1.65588668e-02 -3.45702094e-01  7.07280733e-02
  -6.14108390e-02  9.69335656e-02 -9.19817450e-02  1.56112319e-01
   1.18141804e-01 -3.21887786e-01 -1.69861428e-01 -7.49914908e-03
  -1.19263399e-01  3.99764665e-02  1.91819749e-01  2.68936925e-02
   3.24891710e-01  5.89993811e-01 -6.60027441e-02 -4.22063820e-01]
 [-2.69542947e-01  5.05055894e-03 -3.24093108e-01 -6.57079867e-02
  -6.87876709e-02  1.83317565e-01 -1.49199604e-01  2.43639788e-01
   1.00262607e-01 -3.87410911e-01 -1.72428493e-01 -7.49405287e-02
  -1.03039931e-01 -1.91924060e-02  1.17374961e-01 -9.30293838e-02
   4.42050829e-01  4.97138936e-01  8.20151421e-02 -3.86586040e-01]]
b_o
[ 0.61873372  0.77124365 -0.98564275 -1.0114388   0.81971796 -0.59587711
 -0.51070491 -0.0832988   0.35395734  1.33548582 -0.42636577  1.44310423
 -0.58940011  0.27054677  1.66584797 -0.095339   -1.00434811  0.94359686
  0.97270118 -0.21630666 -0.83580264 -0.76271644  0.26411541  0.91812256
  0.40943938  0.3415427   1.25037199  0.23885745 -1.10782861  0.38447948
  1.0931102  -0.09492112 -0.52280596 -0.03329461  0.4795053  -1.47345766
  0.29748894 -0.28250107 -0.70442941 -0.72997088 -1.60669087 -1.56416908]
