1
(array([[ 0.10025851,  0.0335537 , -0.01225801, ..., -0.0814419 ,
        -0.06945478, -0.03306434],
       [ 0.10178544, -0.01358189, -0.0025753 , ..., -0.04804765,
        -0.01222118, -0.03082806],
       [-0.0675367 , -0.00971258, -0.06249763, ...,  0.01628212,
        -0.00218222,  0.03187618]]), array([-0.34108659, -0.07716146,  0.09916613]))
2
(array([[ 0.35859525,  0.26393309, -0.20883542],
       [-1.11529236, -0.39169235,  0.3862145 ],
       [ 0.62701905,  0.22880551, -0.30392579]]), array([0.02638606, 0.02723582, 0.09165532]))
3
(array([[ 0.46955942, -1.37889744,  0.74779887]]), array([0.05933332]))
