Epoch	Accuracy
1	90.967056
2	91.781792
3	92.773645
4	90.825363
5	91.852639
6	91.781792
7	92.738222
8	91.569253
9	92.383989
10	93.446688
11	93.304995
12	92.915338
13	93.269571
14	93.623804
15	93.057032
16	93.198725
17	93.588381
18	93.021608
19	93.304995
20	93.234148
21	92.879915
22	93.517535
23	93.482111
24	92.986185
25	93.092455
26	93.092455
27	93.588381
28	93.871768
29	92.809068
30	92.950762
31	93.800921
32	93.304995
33	93.234148
34	93.694651
35	93.517535
36	93.269571
37	93.304995
38	93.198725
39	93.730074
40	93.446688
41	92.986185
42	93.552958
43	93.588381
44	93.269571
45	92.561105
46	93.588381
47	93.446688
48	93.446688
49	93.623804
50	93.269571
51	93.552958
52	93.552958
53	93.552958
54	93.552958
55	93.552958
56	93.552958
57	93.552958
58	93.552958
59	93.552958
60	93.552958
61	93.552958
62	93.552958
63	93.552958
64	93.552958
65	93.552958
66	93.552958
67	93.552958
68	93.552958
69	93.552958
70	93.552958
71	93.552958
72	93.552958
73	93.552958
74	93.552958
75	93.552958
76	93.552958
77	93.552958
78	93.552958
79	93.552958
80	93.552958
81	93.552958
82	93.552958
83	93.552958
84	93.552958
85	93.552958
86	93.552958
87	93.552958
88	93.552958
89	93.552958
90	93.552958
91	93.552958
92	93.552958
93	93.552958
94	93.552958
95	93.552958
96	93.552958
97	93.552958
98	93.552958
99	93.552958
100	93.552958
